[
  {
    "Q": 2584.9210944459114,
    "coste": 497398.0283723167,
    "eq": 0.000244140625,
    "gr": 5.605530305588594,
    "R": 0.003677469844256211,
    "obj": 0.28828125000000004,
    "small": 104,
    "medium": 80,
    "large": 38,
    "w_cost": 0.6,
    "w_eq": 0.2,
    "w_gr": 0.2
  },
  {
    "Q": 2584.920345884375,
    "coste": 491896.4117656768,
    "eq": 0.000244140625,
    "gr": 3.539572114246046,
    "R": 0.02902574412787936,
    "obj": 0.8648437499999999,
    "small": 86,
    "medium": 73,
    "large": 44,
    "w_cost": 0.2,
    "w_eq": 0.6,
    "w_gr": 0.2
  },
  {
    "Q": 2584.92263526652,
    "coste": 496984.46194940165,
    "eq": 0.000244140625,
    "gr": 3.5295217783925446,
    "R": 0.029318933462504408,
    "obj": 0.28828125000000004,
    "small": 85,
    "medium": 74,
    "large": 44,
    "w_cost": 0.2,
    "w_eq": 0.2,
    "w_gr": 0.6
  },
  {
    "Q": 2584.922635671597,
    "coste": 498897.8324353283,
    "eq": 0.000244140625,
    "gr": 3.539572114246046,
    "R": 0.02902574412787936,
    "obj": 0.48046875,
    "small": 92,
    "medium": 79,
    "large": 40,
    "w_cost": 0.3333333333333333,
    "w_eq": 0.3333333333333333,
    "w_gr": 0.3333333333333333
  }
]